digpotdata = [
255 1.7;
200 2.0;
175 2.3;
150 2.6;
125 3.1;
100 3.7;
90 4.0;
80 4.4;
70 4.9;
68 5.1;
67 5.2;
66 5.2;
65 5.2;
60 5.6;
55 6.0;
50 6.4;
45 6.9;
44 7.0;
40 7.5;
35 8.2;
30 9.1;
25 10.1;
22 10.9;
20 11.5;
19 11.8;
18 12.1;
17 12.4;
16 12.8;
15 13.2;
14 13.6;
13 14.2;
12 14.6;
11 15.2;
10 15.7
9 16.2;
8 16.9;
7 17.6;
6 18.4;
5 19.2;
4 20.1;
3 21.1;
2 22.2;
1 23.5;
};